5,5,5,5,6,1,1,1,6,6,6
6,6,6,6,6,1,1,1,6,6,6,5,5,6,6,6,6,6,6,6
6,6,6,6,6,1,1,1,6,6,6,5,5,6,6,6,6,6,6,6
6
6,6,6,6,6,1,1,1,6,6,6,6,6,6,6
6,2,4,1,1,4,1,1,1
6,6,1,4,6
6,6,1,4
6,4,6,4,6,6,4,6,6,6,6,4,4,4
6,1
6,6,6,4,5,6,6,5,6,6,6,6,6,6,6,6,6,4,4
6,6,5,6,6,5,6,6,6,6,6,6,6,6,6
6,6,6,5,6,6,5,6,6,6,6,6,6,6,6,6
6,6,6,5,6,6,5,6,6,6,6,6,6,6,6,6
6,6,6,5,6,6,6,5,6,6,6,6,6,6,6,6,6
6,6,6,5,6,6,6,5,6,6,6,6,6,6,6,6,6
6,1
6
6,6,6,6,6,6,6,4
6,6,6,6,5,5,5,5,5
6,6,1,4
6,6,6
6,6,1,4
5,5,5,6,6,6,6,6
6,6,1,4
6,6,6,6
5,5,5,5,6,6,6,6,6,6,5,5,5,5,6,5,6,6,6
1,1,1,1,5,1,6,6,4,4,4,4,4,6,6,4,6,6,6,4,4
1,1,1
6,6
